Latitude: 49.5248566, Longitude: -96.6755675
Latitude: 49.5248566, Longitude: -96.6755675
Latitude: 49.5248566, Longitude: -96.6755675
Latitude: 49.5248566, Longitude: -96.6755675
